ZN     0
ZN-ECP     4     10
g-ul potential
  1
2      1.0000000              0.0000000        
s-ul potential
  2
2     34.1740010            399.9863990        
2     14.4563710             85.4897500        
p-ul potential
  4
2     39.8886830             92.3810770        
2     39.6550170            184.7711760        
2     15.2905460             23.0025410        
2     14.9035240             46.0574270        
d-ul potential
  4
2     43.7082960            -13.6907340        
2     43.6985360            -20.5439800        
2     15.1507180             -1.3161540        
2     15.2824410             -1.8387150        
f-ul potential
  2
2      8.1600140             -0.3703600        
2     12.2284220             -1.0629430    
