He     0 
S   4   1.00
    234.0000000              0.0025870        
     35.1600000              0.0195330        
      7.9890000              0.0909980        
      2.2120000              0.2720500        
S   1   1.00
      0.6669000              1.0000000        
S   1   1.00
      0.2089000              1.0000000        
S   1   1.00
      0.0513800              1.0000000        
P   1   1.00
      3.0440000              1.0000000        
P   1   1.00
      0.7580000              1.0000000        
P   1   1.00
      0.1993000              1.0000000        
D   1   1.00
      1.9650000              1.0000000        
D   1   1.00
      0.4592000              1.0000000        
****
Zn     0 
S   9   1.00
   2203.4100000              0.0001500        
    315.5820000              0.0008300        
     66.4556000             -0.0132000        
     41.6666000              0.0630870        
     11.8328000             -0.4147250        
      2.5399600              0.7387780        
      1.0595000              0.4718890        
      0.1997510              0.0233840        
      0.1016300             -0.0127000        
S   9   1.00
   2203.4100000             -0.0000380        
    315.5820000             -0.0001490        
     66.4556000              0.0021030        
     41.6666000             -0.0126920        
     11.8328000              0.0971100        
      2.5399600             -0.2118140        
      1.0595000             -0.2473130        
      0.1997510              0.2579730        
      0.1016300              0.5405670        
S   9   1.00
   2203.4100000              0.0001330        
    315.5820000              0.0003060        
     66.4556000             -0.0026540        
     41.6666000              0.0319690        
     11.8328000             -0.3133110        
      2.5399600              1.2334750        
      1.0595000             -0.5532890        
      0.1997510             -2.0634140        
      0.1016300              1.6067170        
S   9   1.00
   2203.4100000              0.0004580        
    315.5820000             -0.0026650        
     66.4556000              0.0533970        
     41.6666000             -0.0535800        
     11.8328000             -0.3866060        
      2.5399600              2.5219240        
      1.0595000             -2.9926140        
      0.1997510              1.9513600        
      0.1016300             -0.4226390        
S   1   1.00
      0.0425660              1.0000000        
S   1   1.00
      0.0178000              1.0000000        
P   8   1.00
    558.2510000              0.0001280        
     87.5501000              0.0025050        
     19.6744000             -0.0799920        
      4.6596900              0.3618820        
      2.1399800              0.4894150        
      0.9534370              0.2569110        
      0.3246550              0.0276700        
      0.1193480             -0.0030170        
P   8   1.00
    558.2510000             -0.0000310        
     87.5501000             -0.0004320        
     19.6744000              0.0158940        
      4.6596900             -0.0818560        
      2.1399800             -0.1162980        
      0.9534370             -0.0530950        
      0.3246550              0.2405910        
      0.1193480              0.5573730        
P   8   1.00
    558.2510000              0.0000640        
     87.5501000              0.0006900        
     19.6744000             -0.0288850        
      4.6596900              0.1630810        
      2.1399800              0.2030330        
      0.9534370              0.0196180        
      0.3246550             -0.5551300        
      0.1193480             -0.5290840        
P   8   1.00
    558.2510000              0.0002760        
     87.5501000              0.0005640        
     19.6744000             -0.0761040        
      4.6596900              0.6145760        
      2.1399800              0.3747180        
      0.9534370             -1.0110220        
      0.3246550             -0.3827690        
      0.1193480              0.8210210        
P   1   1.00
      0.0428360              1.0000000        
P   1   1.00
      0.0154000              1.0000000        
D   7   1.00
    162.5730000              0.0025070        
     50.8500000              0.0241370        
     20.1679000              0.0905710        
      8.6009500              0.2170330        
      3.7610800              0.3321450        
      1.6056100              0.3504780        
      0.6490060              0.2562230        
D   7   1.00
    162.5730000              0.0035010        
     50.8500000              0.0337260        
     20.1679000              0.1308020        
      8.6009500              0.3234790        
      3.7610800              0.3584120        
      1.6056100             -0.1122800        
      0.6490060             -0.5354300        
D   7   1.00
    162.5730000              0.0040620        
     50.8500000              0.0407070        
     20.1679000              0.1610480        
      8.6009500              0.4362390        
      3.7610800              0.0180170        
      1.6056100             -0.7643560        
      0.6490060             -0.0206420        
D   1   1.00
      0.2359550              1.0000000        
D   1   1.00
      0.0858000              1.0000000        
F   1   1.00
      5.8823000              1.0000000        
F   1   1.00
      1.4950000              1.0000000        
F   1   1.00
      0.5450000              1.0000000        
G   1   1.00
      4.0872000              1.0000000        
G   1   1.00
      1.7130000              1.0000000        
****
